10

67.7504
20 5 3
1 1 1 1 1 0 1 1 1 1 1 1 1 1 1 1 1 1 1 1 
1
0 7.61577 5.09902 5 10 5 8.06226 4 6.08276 3.16228 6.40312 9.43398 8.94427 7.2111 10.8167 2.23607 7.28011 8.48528 9.21954 8.24621 
7.61577 0 2.82843 7.28011 5.09902 4.12311 4.12311 7.07107 4.12311 5.65685 3.60555 5.38516 1.41421 4.24264 3.60555 6.40312 1 3.16228 2.23607 7.07107 
5.09902 2.82843 0 6.40312 7.07107 3.60555 3.60555 5.83095 2.23607 2.82843 4.12311 7 4.24264 5.09902 6.40312 3.60555 2.23607 5.09902 4.12311 7.61577 
5 7.28011 6.40312 0 6.7082 3.16228 10 1 8.48528 6.7082 4 5.83095 8.06226 4.12311 9.05539 6.32456 7.61577 6.08276 9.48683 3.60555 
10 5.09902 7.07107 6.7082 0 5 9.21954 7.2111 9 9.48683 3.60555 1 4.47214 2.82843 3.60555 9.84886 6.08276 2 6.7082 4 
5 4.12311 3.60555 3.16228 5 0 7.07107 3 5.83095 5 1.41421 4.47214 5 2.23607 6.32456 5.09902 4.47214 3.60555 6.32456 4.12311 
8.06226 4.12311 3.60555 10 9.21954 7.07107 0 9.43398 2 5 7.2111 9.48683 5 8.06226 7.07107 6 3.16228 7.28011 3.16228 10.8167 
4 7.07107 5.83095 1 7.2111 3 9.43398 0 7.81025 5.83095 4.12311 6.40312 8 4.47214 9.21954 5.38516 7.28011 6.32456 9.21954 4.47214 
6.08276 4.12311 2.23607 8.48528 9 5.83095 2 7.81025 0 3 6.32456 9.05539 5.38516 7.28011 7.61577 4 3.16228 7 4.24264 9.84886 
3.16228 5.65685 2.82843 6.7082 9.48683 5 5 5.83095 3 0 6.08276 9.21954 7.07107 7.07107 9.21954 1 5 7.61577 6.7082 9.05539 
6.40312 3.60555 4.12311 4 3.60555 1.41421 7.2111 4.12311 6.32456 6.08276 0 3.16228 4.12311 1 5.09902 6.32456 4.24264 2.23607 5.83095 3.60555 
9.43398 5.38516 7 5.83095 1 4.47214 9.48683 6.40312 9.05539 9.21954 3.16228 0 5 2.23607 4.47214 9.48683 6.32456 2.23607 7.2111 3 
8.94427 1.41421 4.24264 8.06226 4.47214 5 5 8 5.38516 7.07107 4.12311 5 0 4.47214 2.23607 7.81025 2.23607 2.82843 2.23607 7.2111 
7.2111 4.24264 5.09902 4.12311 2.82843 2.23607 8.06226 4.47214 7.28011 7.07107 1 2.23607 4.47214 0 5 7.28011 5 2 6.40312 2.82843 
10.8167 3.60555 6.40312 9.05539 3.60555 6.32456 7.07107 9.21954 7.61577 9.21954 5.09902 4.47214 2.23607 5 0 9.89949 4.47214 3 4 7.28011 
2.23607 6.40312 3.60555 6.32456 9.84886 5.09902 6 5.38516 4 1 6.32456 9.48683 7.81025 7.28011 9.89949 0 5.83095 8.06226 7.61577 9 
7.28011 1 2.23607 7.61577 6.08276 4.47214 3.16228 7.28011 3.16228 5 4.24264 6.32456 2.23607 5 4.47214 5.83095 0 4.12311 2 7.81025 
8.48528 3.16228 5.09902 6.08276 2 3.60555 7.28011 6.32456 7 7.61577 2.23607 2.23607 2.82843 2 3 8.06226 4.12311 0 5 4.47214 
9.21954 2.23607 4.12311 9.48683 6.7082 6.32456 3.16228 9.21954 4.24264 6.7082 5.83095 7.2111 2.23607 6.40312 4 7.61577 2 5 0 9.21954 
8.24621 7.07107 7.61577 3.60555 4 4.12311 10.8167 4.47214 9.84886 9.05539 3.60555 3 7.2111 2.82843 7.28011 9 7.81025 4.47214 9.21954 0 
3
0 15.2315 10.198 10 20 10 16.1245 8 12.1655 6.32456 12.8062 18.868 17.8885 14.4222 21.6333 4.47214 14.5602 16.9706 18.4391 16.4924 
15.2315 0 5.65685 14.5602 10.198 8.24621 8.24621 14.1421 8.24621 11.3137 7.2111 10.7703 2.82843 8.48528 7.2111 12.8062 2 6.32456 4.47214 14.1421 
10.198 5.65685 0 12.8062 14.1421 7.2111 7.2111 11.6619 4.47214 5.65685 8.24621 14 8.48528 10.198 12.8062 7.2111 4.47214 10.198 8.24621 15.2315 
10 14.5602 12.8062 0 13.4164 6.32456 20 2 16.9706 13.4164 8 11.6619 16.1245 8.24621 18.1108 12.6491 15.2315 12.1655 18.9737 7.2111 
20 10.198 14.1421 13.4164 0 10 18.4391 14.4222 18 18.9737 7.2111 2 8.94427 5.65685 7.2111 19.6977 12.1655 4 13.4164 8 
10 8.24621 7.2111 6.32456 10 0 14.1421 6 11.6619 10 2.82843 8.94427 10 4.47214 12.6491 10.198 8.94427 7.2111 12.6491 8.24621 
16.1245 8.24621 7.2111 20 18.4391 14.1421 0 18.868 4 10 14.4222 18.9737 10 16.1245 14.1421 12 6.32456 14.5602 6.32456 21.6333 
8 14.1421 11.6619 2 14.4222 6 18.868 0 15.6205 11.6619 8.24621 12.8062 16 8.94427 18.4391 10.7703 14.5602 12.6491 18.4391 8.94427 
12.1655 8.24621 4.47214 16.9706 18 11.6619 4 15.6205 0 6 12.6491 18.1108 10.7703 14.5602 15.2315 8 6.32456 14 8.48528 19.6977 
6.32456 11.3137 5.65685 13.4164 18.9737 10 10 11.6619 6 0 12.1655 18.4391 14.1421 14.1421 18.4391 2 10 15.2315 13.4164 18.1108 
12.8062 7.2111 8.24621 8 7.2111 2.82843 14.4222 8.24621 12.6491 12.1655 0 6.32456 8.24621 2 10.198 12.6491 8.48528 4.47214 11.6619 7.2111 
18.868 10.7703 14 11.6619 2 8.94427 18.9737 12.8062 18.1108 18.4391 6.32456 0 10 4.47214 8.94427 18.9737 12.6491 4.47214 14.4222 6 
17.8885 2.82843 8.48528 16.1245 8.94427 10 10 16 10.7703 14.1421 8.24621 10 0 8.94427 4.47214 15.6205 4.47214 5.65685 4.47214 14.4222 
14.4222 8.48528 10.198 8.24621 5.65685 4.47214 16.1245 8.94427 14.5602 14.1421 2 4.47214 8.94427 0 10 14.5602 10 4 12.8062 5.65685 
21.6333 7.2111 12.8062 18.1108 7.2111 12.6491 14.1421 18.4391 15.2315 18.4391 10.198 8.94427 4.47214 10 0 19.799 8.94427 6 8 14.5602 
4.47214 12.8062 7.2111 12.6491 19.6977 10.198 12 10.7703 8 2 12.6491 18.9737 15.6205 14.5602 19.799 0 11.6619 16.1245 15.2315 18 
14.5602 2 4.47214 15.2315 12.1655 8.94427 6.32456 14.5602 6.32456 10 8.48528 12.6491 4.47214 10 8.94427 11.6619 0 8.24621 4 15.6205 
16.9706 6.32456 10.198 12.1655 4 7.2111 14.5602 12.6491 14 15.2315 4.47214 4.47214 5.65685 4 6 16.1245 8.24621 0 10 8.94427 
18.4391 4.47214 8.24621 18.9737 13.4164 12.6491 6.32456 18.4391 8.48528 13.4164 11.6619 14.4222 4.47214 12.8062 8 15.2315 4 10 0 18.4391 
16.4924 14.1421 15.2315 7.2111 8 8.24621 21.6333 8.94427 19.6977 18.1108 7.2111 6 14.4222 5.65685 14.5602 18 15.6205 8.94427 18.4391 0 
5
0 19.0394 12.7475 12.5 25 12.5 20.1556 10 15.2069 7.90569 16.0078 23.585 22.3607 18.0278 27.0416 5.59017 18.2003 21.2132 23.0489 20.6155 
19.0394 0 7.07107 18.2003 12.7475 10.3078 10.3078 17.6777 10.3078 14.1421 9.01388 13.4629 3.53553 10.6066 9.01388 16.0078 2.5 7.90569 5.59017 17.6777 
12.7475 7.07107 0 16.0078 17.6777 9.01388 9.01388 14.5774 5.59017 7.07107 10.3078 17.5 10.6066 12.7475 16.0078 9.01388 5.59017 12.7475 10.3078 19.0394 
12.5 18.2003 16.0078 0 16.7705 7.90569 25 2.5 21.2132 16.7705 10 14.5774 20.1556 10.3078 22.6385 15.8114 19.0394 15.2069 23.7171 9.01388 
25 12.7475 17.6777 16.7705 0 12.5 23.0489 18.0278 22.5 23.7171 9.01388 2.5 11.1803 7.07107 9.01388 24.6221 15.2069 5 16.7705 10 
12.5 10.3078 9.01388 7.90569 12.5 0 17.6777 7.5 14.5774 12.5 3.53553 11.1803 12.5 5.59017 15.8114 12.7475 11.1803 9.01388 15.8114 10.3078 
20.1556 10.3078 9.01388 25 23.0489 17.6777 0 23.585 5 12.5 18.0278 23.7171 12.5 20.1556 17.6777 15 7.90569 18.2003 7.90569 27.0416 
10 17.6777 14.5774 2.5 18.0278 7.5 23.585 0 19.5256 14.5774 10.3078 16.0078 20 11.1803 23.0489 13.4629 18.2003 15.8114 23.0489 11.1803 
15.2069 10.3078 5.59017 21.2132 22.5 14.5774 5 19.5256 0 7.5 15.8114 22.6385 13.4629 18.2003 19.0394 10 7.90569 17.5 10.6066 24.6221 
7.90569 14.1421 7.07107 16.7705 23.7171 12.5 12.5 14.5774 7.5 0 15.2069 23.0489 17.6777 17.6777 23.0489 2.5 12.5 19.0394 16.7705 22.6385 
16.0078 9.01388 10.3078 10 9.01388 3.53553 18.0278 10.3078 15.8114 15.2069 0 7.90569 10.3078 2.5 12.7475 15.8114 10.6066 5.59017 14.5774 9.01388 
23.585 13.4629 17.5 14.5774 2.5 11.1803 23.7171 16.0078 22.6385 23.0489 7.90569 0 12.5 5.59017 11.1803 23.7171 15.8114 5.59017 18.0278 7.5 
22.3607 3.53553 10.6066 20.1556 11.1803 12.5 12.5 20 13.4629 17.6777 10.3078 12.5 0 11.1803 5.59017 19.5256 5.59017 7.07107 5.59017 18.0278 
18.0278 10.6066 12.7475 10.3078 7.07107 5.59017 20.1556 11.1803 18.2003 17.6777 2.5 5.59017 11.1803 0 12.5 18.2003 12.5 5 16.0078 7.07107 
27.0416 9.01388 16.0078 22.6385 9.01388 15.8114 17.6777 23.0489 19.0394 23.0489 12.7475 11.1803 5.59017 12.5 0 24.7487 11.1803 7.5 10 18.2003 
5.59017 16.0078 9.01388 15.8114 24.6221 12.7475 15 13.4629 10 2.5 15.8114 23.7171 19.5256 18.2003 24.7487 0 14.5774 20.1556 19.0394 22.5 
18.2003 2.5 5.59017 19.0394 15.2069 11.1803 7.90569 18.2003 7.90569 12.5 10.6066 15.8114 5.59017 12.5 11.1803 14.5774 0 10.3078 5 19.5256 
21.2132 7.90569 12.7475 15.2069 5 9.01388 18.2003 15.8114 17.5 19.0394 5.59017 5.59017 7.07107 5 7.5 20.1556 10.3078 0 12.5 11.1803 
23.0489 5.59017 10.3078 23.7171 16.7705 15.8114 7.90569 23.0489 10.6066 16.7705 14.5774 18.0278 5.59017 16.0078 10 19.0394 5 12.5 0 23.0489 
20.6155 17.6777 19.0394 9.01388 10 10.3078 27.0416 11.1803 24.6221 22.6385 9.01388 7.5 18.0278 7.07107 18.2003 22.5 19.5256 11.1803 23.0489 0 

63.315
20 14 3
1 1 1 1 1 1 1 1 1 1 1 1 1 1 0 1 1 1 1 1 
1
0 7.07107 1.41421 5.83095 3 7.07107 7.2111 3.16228 7.28011 2.82843 4.47214 3.60555 8.60233 5.38516 3.60555 6.08276 7.07107 1.41421 2.23607 6.40312 
7.07107 0 8 5.65685 4.12311 4.47214 3.16228 8.24621 3 5.83095 3.16228 5 4 9.84886 4.12311 2.23607 8.48528 6.32456 8.544 5 
1.41421 8 0 5.65685 4.12311 7.2111 7.61577 2 8.544 4.24264 5.09902 5 8.94427 4.12311 4.12311 7.28011 6.32456 2.82843 3 6.40312 
5.83095 5.65685 5.65685 0 5 2 3.16228 4.47214 8.06226 7.07107 3.16228 7 4 5 3 6.7082 2.82843 6.32456 8.06226 1 
3 4.12311 4.12311 5 0 5.38516 5 5 4.47214 2.23607 2.23607 2 6.40312 7.07107 2 3.16228 7.28011 2.23607 4.47214 5.09902 
7.07107 4.47214 7.2111 2 5.38516 0 1.41421 6.32456 7.28011 7.61577 3.16228 7.28011 2 7 3.60555 6.08276 4.47214 7.2111 9.21954 1 
7.2111 3.16228 7.61577 3.16228 5 1.41421 0 7.07107 6.08276 7.2111 2.82843 6.7082 1.41421 8.06226 3.60555 5 5.83095 7.07107 9.21954 2.23607 
3.16228 8.24621 2 4.47214 5 6.32456 7.07107 0 9.43398 5.83095 5.09902 6.40312 8.24621 2.23607 4.12311 8.06226 4.47214 4.47214 5 5.38516 
7.28011 3 8.544 8.06226 4.47214 7.28011 6.08276 9.43398 0 5 5 4 7 11.4018 5.65685 1.41421 10.8167 6.08276 8 7.61577 
2.82843 5.83095 4.24264 7.07107 2.23607 7.61577 7.2111 5.83095 5 0 4.47214 1 8.60233 8.06226 4.12311 4.12311 9.05539 1.41421 3 7.28011 
4.47214 3.16228 5.09902 3.16228 2.23607 3.16228 2.82843 5.09902 5 4.47214 0 4.12311 4.24264 6.7082 1 3.60555 5.83095 4.24264 6.40312 3 
3.60555 5 5 7 2 7.28011 6.7082 6.40312 4 1 4.12311 0 8.06226 8.60233 4 3.16228 9.21954 2.23607 4 7.07107 
8.60233 4 8.94427 4 6.40312 2 1.41421 8.24621 7 8.60233 4.24264 8.06226 0 9 5 6.08276 6.32456 8.48528 10.6301 3 
5.38516 9.84886 4.12311 5 7.07107 7 8.06226 2.23607 11.4018 8.06226 6.7082 8.60233 9 0 5.83095 10 3.60555 6.7082 7.07107 6 
3.60555 4.12311 4.12311 3 2 3.60555 3.60555 4.12311 5.65685 4.12311 1 4 5 5.83095 0 4.24264 5.38516 3.60555 5.65685 3.16228 
6.08276 2.23607 7.28011 6.7082 3.16228 6.08276 5 8.06226 1.41421 4.12311 3.60555 3.16228 6.08276 10 4.24264 0 9.43398 5 7.07107 6.32456 
7.07107 8.48528 6.32456 2.82843 7.28011 4.47214 5.83095 4.47214 10.8167 9.05539 5.83095 9.21954 6.32456 3.60555 5.38516 9.43398 0 8 9.21954 3.60555 
1.41421 6.32456 2.82843 6.32456 2.23607 7.2111 7.07107 4.47214 6.08276 1.41421 4.24264 2.23607 8.48528 6.7082 3.60555 5 8 0 2.23607 6.7082 
2.23607 8.544 3 8.06226 4.47214 9.21954 9.21954 5 8 3 6.40312 4 10.6301 7.07107 5.65685 7.07107 9.21954 2.23607 0 8.60233 
6.40312 5 6.40312 1 5.09902 1 2.23607 5.38516 7.61577 7.28011 3 7.07107 3 6 3.16228 6.32456 3.60555 6.7082 8.60233 0 
3
0 14.1421 2.82843 11.6619 6 14.1421 14.4222 6.32456 14.5602 5.65685 8.94427 7.2111 17.2047 10.7703 7.2111 12.1655 14.1421 2.82843 4.47214 12.8062 
14.1421 0 16 11.3137 8.24621 8.94427 6.32456 16.4924 6 11.6619 6.32456 10 8 19.6977 8.24621 4.47214 16.9706 12.6491 17.088 10 
2.82843 16 0 11.3137 8.24621 14.4222 15.2315 4 17.088 8.48528 10.198 10 17.8885 8.24621 8.24621 14.5602 12.6491 5.65685 6 12.8062 
11.6619 11.3137 11.3137 0 10 4 6.32456 8.94427 16.1245 14.1421 6.32456 14 8 10 6 13.4164 5.65685 12.6491 16.1245 2 
6 8.24621 8.24621 10 0 10.7703 10 10 8.94427 4.47214 4.47214 4 12.8062 14.1421 4 6.32456 14.5602 4.47214 8.94427 10.198 
14.1421 8.94427 14.4222 4 10.7703 0 2.82843 12.6491 14.5602 15.2315 6.32456 14.5602 4 14 7.2111 12.1655 8.94427 14.4222 18.4391 2 
14.4222 6.32456 15.2315 6.32456 10 2.82843 0 14.1421 12.1655 14.4222 5.65685 13.4164 2.82843 16.1245 7.2111 10 11.6619 14.1421 18.4391 4.47214 
6.32456 16.4924 4 8.94427 10 12.6491 14.1421 0 18.868 11.6619 10.198 12.8062 16.4924 4.47214 8.24621 16.1245 8.94427 8.94427 10 10.7703 
14.5602 6 17.088 16.1245 8.94427 14.5602 12.1655 18.868 0 10 10 8 14 22.8035 11.3137 2.82843 21.6333 12.1655 16 15.2315 
5.65685 11.6619 8.48528 14.1421 4.47214 15.2315 14.4222 11.6619 10 0 8.94427 2 17.2047 16.1245 8.24621 8.24621 18.1108 2.82843 6 14.5602 
8.94427 6.32456 10.198 6.32456 4.47214 6.32456 5.65685 10.198 10 8.94427 0 8.24621 8.48528 13.4164 2 7.2111 11.6619 8.48528 12.8062 6 
7.2111 10 10 14 4 14.5602 13.4164 12.8062 8 2 8.24621 0 16.1245 17.2047 8 6.32456 18.4391 4.47214 8 14.1421 
17.2047 8 17.8885 8 12.8062 4 2.82843 16.4924 14 17.2047 8.48528 16.1245 0 18 10 12.1655 12.6491 16.9706 21.2603 6 
10.7703 19.6977 8.24621 10 14.1421 14 16.1245 4.47214 22.8035 16.1245 13.4164 17.2047 18 0 11.6619 20 7.2111 13.4164 14.1421 12 
7.2111 8.24621 8.24621 6 4 7.2111 7.2111 8.24621 11.3137 8.24621 2 8 10 11.6619 0 8.48528 10.7703 7.2111 11.3137 6.32456 
12.1655 4.47214 14.5602 13.4164 6.32456 12.1655 10 16.1245 2.82843 8.24621 7.2111 6.32456 12.1655 20 8.48528 0 18.868 10 14.1421 12.6491 
14.1421 16.9706 12.6491 5.65685 14.5602 8.94427 11.6619 8.94427 21.6333 18.1108 11.6619 18.4391 12.6491 7.2111 10.7703 18.868 0 16 18.4391 7.2111 
2.82843 12.6491 5.65685 12.6491 4.47214 14.4222 14.1421 8.94427 12.1655 2.82843 8.48528 4.47214 16.9706 13.4164 7.2111 10 16 0 4.47214 13.4164 
4.47214 17.088 6 16.1245 8.94427 18.4391 18.4391 10 16 6 12.8062 8 21.2603 14.1421 11.3137 14.1421 18.4391 4.47214 0 17.2047 
12.8062 10 12.8062 2 10.198 2 4.47214 10.7703 15.2315 14.5602 6 14.1421 6 12 6.32456 12.6491 7.2111 13.4164 17.2047 0 
5
0 17.6777 3.53553 14.5774 7.5 17.6777 18.0278 7.90569 18.2003 7.07107 11.1803 9.01388 21.5058 13.4629 9.01388 15.2069 17.6777 3.53553 5.59017 16.0078 
17.6777 0 20 14.1421 10.3078 11.1803 7.90569 20.6155 7.5 14.5774 7.90569 12.5 10 24.6221 10.3078 5.59017 21.2132 15.8114 21.36 12.5 
3.53553 20 0 14.1421 10.3078 18.0278 19.0394 5 21.36 10.6066 12.7475 12.5 22.3607 10.3078 10.3078 18.2003 15.8114 7.07107 7.5 16.0078 
14.5774 14.1421 14.1421 0 12.5 5 7.90569 11.1803 20.1556 17.6777 7.90569 17.5 10 12.5 7.5 16.7705 7.07107 15.8114 20.1556 2.5 
7.5 10.3078 10.3078 12.5 0 13.4629 12.5 12.5 11.1803 5.59017 5.59017 5 16.0078 17.6777 5 7.90569 18.2003 5.59017 11.1803 12.7475 
17.6777 11.1803 18.0278 5 13.4629 0 3.53553 15.8114 18.2003 19.0394 7.90569 18.2003 5 17.5 9.01388 15.2069 11.1803 18.0278 23.0489 2.5 
18.0278 7.90569 19.0394 7.90569 12.5 3.53553 0 17.6777 15.2069 18.0278 7.07107 16.7705 3.53553 20.1556 9.01388 12.5 14.5774 17.6777 23.0489 5.59017 
7.90569 20.6155 5 11.1803 12.5 15.8114 17.6777 0 23.585 14.5774 12.7475 16.0078 20.6155 5.59017 10.3078 20.1556 11.1803 11.1803 12.5 13.4629 
18.2003 7.5 21.36 20.1556 11.1803 18.2003 15.2069 23.585 0 12.5 12.5 10 17.5 28.5044 14.1421 3.53553 27.0416 15.2069 20 19.0394 
7.07107 14.5774 10.6066 17.6777 5.59017 19.0394 18.0278 14.5774 12.5 0 11.1803 2.5 21.5058 20.1556 10.3078 10.3078 22.6385 3.53553 7.5 18.2003 
11.1803 7.90569 12.7475 7.90569 5.59017 7.90569 7.07107 12.7475 12.5 11.1803 0 10.3078 10.6066 16.7705 2.5 9.01388 14.5774 10.6066 16.0078 7.5 
9.01388 12.5 12.5 17.5 5 18.2003 16.7705 16.0078 10 2.5 10.3078 0 20.1556 21.5058 10 7.90569 23.0489 5.59017 10 17.6777 
21.5058 10 22.3607 10 16.0078 5 3.53553 20.6155 17.5 21.5058 10.6066 20.1556 0 22.5 12.5 15.2069 15.8114 21.2132 26.5754 7.5 
13.4629 24.6221 10.3078 12.5 17.6777 17.5 20.1556 5.59017 28.5044 20.1556 16.7705 21.5058 22.5 0 14.5774 25 9.01388 16.7705 17.6777 15 
9.01388 10.3078 10.3078 7.5 5 9.01388 9.01388 10.3078 14.1421 10.3078 2.5 10 12.5 14.5774 0 10.6066 13.4629 9.01388 14.1421 7.90569 
15.2069 5.59017 18.2003 16.7705 7.90569 15.2069 12.5 20.1556 3.53553 10.3078 9.01388 7.90569 15.2069 25 10.6066 0 23.585 12.5 17.6777 15.8114 
17.6777 21.2132 15.8114 7.07107 18.2003 11.1803 14.5774 11.1803 27.0416 22.6385 14.5774 23.0489 15.8114 9.01388 13.4629 23.585 0 20 23.0489 9.01388 
3.53553 15.8114 7.07107 15.8114 5.59017 18.0278 17.6777 11.1803 15.2069 3.53553 10.6066 5.59017 21.2132 16.7705 9.01388 12.5 20 0 5.59017 16.7705 
5.59017 21.36 7.5 20.1556 11.1803 23.0489 23.0489 12.5 20 7.5 16.0078 10 26.5754 17.6777 14.1421 17.6777 23.0489 5.59017 0 21.5058 
16.0078 12.5 16.0078 2.5 12.7475 2.5 5.59017 13.4629 19.0394 18.2003 7.5 17.6777 7.5 15 7.90569 15.8114 9.01388 16.7705 21.5058 0 

61.5079
20 4 3
1 1 1 1 0 1 1 1 1 1 1 1 1 1 1 1 1 1 1 1 
1
0 3.60555 3.16228 1.41421 2.23607 4.12311 2 7.07107 6.32456 4.24264 3.60555 5.65685 4.24264 3.16228 3.60555 6.7082 2.82843 5.09902 2.23607 2 
3.60555 0 1 5 4 7.61577 5 8.544 4.12311 1 7.2111 7.28011 7.81025 6.40312 5.09902 7.2111 6.40312 3.60555 4.47214 5.38516 
3.16228 1 0 4.47214 4.12311 7.28011 4.24264 8.94427 5.09902 2 6.7082 7.61577 7.2111 5.65685 4.12311 7.81025 5.83095 4.47214 3.60555 5.09902 
1.41421 5 4.47214 0 3 3 1.41421 7.2111 7.61577 5.65685 2.23607 5.83095 2.82843 2 3.60555 7.28011 1.41421 6.32456 2.23607 1.41421 
2.23607 4 4.12311 3 0 4.24264 4.12311 5 5 4.12311 4.47214 3.60555 5.38516 5 5.83095 4.47214 4.12311 3.60555 4.47214 2.23607 
4.12311 7.61577 7.28011 3 4.24264 0 4.12311 6.08276 9.21954 8.06226 1.41421 5 2.23607 3.60555 6.32456 7.07107 2.23607 7.81025 5.09902 2.23607 
2 5 4.24264 1.41421 4.12311 4.12311 0 8.60233 8.24621 5.83095 3 7.2111 3.16228 1.41421 2.23607 8.544 2 7.07107 1 2.82843 
7.07107 8.544 8.94427 7.2111 5 6.08276 8.60233 0 7.07107 8.24621 7.28011 1.41421 8.24621 8.94427 10.6301 2.23607 7.61577 6 9.21954 5.83095 
6.32456 4.12311 5.09902 7.61577 5 9.21954 8.24621 7.07107 0 3.16228 9.43398 6.32456 10.2956 9.48683 9 5 8.94427 1.41421 8.06226 7.2111 
4.24264 1 2 5.65685 4.12311 8.06226 5.83095 8.24621 3.16228 0 7.81025 7.07107 8.48528 7.2111 6.08276 6.7082 7.07107 2.82843 5.38516 5.83095 
3.60555 7.2111 6.7082 2.23607 4.47214 1.41421 3 7.28011 9.43398 7.81025 0 6.08276 1 2.23607 5.09902 8 1 8.06226 4 2.23607 
5.65685 7.28011 7.61577 5.83095 3.60555 5 7.2111 1.41421 6.32456 7.07107 6.08276 0 7.07107 7.61577 9.21954 2.23607 6.32456 5.09902 7.81025 4.47214 
4.24264 7.81025 7.2111 2.82843 5.38516 2.23607 3.16228 8.24621 10.2956 8.48528 1 7.07107 0 2 5 9 1.41421 8.94427 4.12311 3.16228 
3.16228 6.40312 5.65685 2 5 3.60555 1.41421 8.94427 9.48683 7.2111 2.23607 7.61577 2 0 3 9.21954 1.41421 8.24621 2.23607 3.16228 
3.60555 5.09902 4.12311 3.60555 5.83095 6.32456 2.23607 10.6301 9 6.08276 5.09902 9.21954 5 3 0 10.2956 4.12311 8.06226 1.41421 5 
6.7082 7.2111 7.81025 7.28011 4.47214 7.07107 8.544 2.23607 5 6.7082 8 2.23607 9 9.21954 10.2956 0 8.06226 4.12311 8.94427 6.08276 
2.82843 6.40312 5.83095 1.41421 4.12311 2.23607 2 7.61577 8.94427 7.07107 1 6.32456 1.41421 1.41421 4.12311 8.06226 0 7.61577 3 2 
5.09902 3.60555 4.47214 6.32456 3.60555 7.81025 7.07107 6 1.41421 2.82843 8.06226 5.09902 8.94427 8.24621 8.06226 4.12311 7.61577 0 7 5.83095 
2.23607 4.47214 3.60555 2.23607 4.47214 5.09902 1 9.21954 8.06226 5.38516 4 7.81025 4.12311 2.23607 1.41421 8.94427 3 7 0 3.60555 
2 5.38516 5.09902 1.41421 2.23607 2.23607 2.82843 5.83095 7.2111 5.83095 2.23607 4.47214 3.16228 3.16228 5 6.08276 2 5.83095 3.60555 0 
3
0 7.2111 6.32456 2.82843 4.47214 8.24621 4 14.1421 12.6491 8.48528 7.2111 11.3137 8.48528 6.32456 7.2111 13.4164 5.65685 10.198 4.47214 4 
7.2111 0 2 10 8 15.2315 10 17.088 8.24621 2 14.4222 14.5602 15.6205 12.8062 10.198 14.4222 12.8062 7.2111 8.94427 10.7703 
6.32456 2 0 8.94427 8.24621 14.5602 8.48528 17.8885 10.198 4 13.4164 15.2315 14.4222 11.3137 8.24621 15.6205 11.6619 8.94427 7.2111 10.198 
2.82843 10 8.94427 0 6 6 2.82843 14.4222 15.2315 11.3137 4.47214 11.6619 5.65685 4 7.2111 14.5602 2.82843 12.6491 4.47214 2.82843 
4.47214 8 8.24621 6 0 8.48528 8.24621 10 10 8.24621 8.94427 7.2111 10.7703 10 11.6619 8.94427 8.24621 7.2111 8.94427 4.47214 
8.24621 15.2315 14.5602 6 8.48528 0 8.24621 12.1655 18.4391 16.1245 2.82843 10 4.47214 7.2111 12.6491 14.1421 4.47214 15.6205 10.198 4.47214 
4 10 8.48528 2.82843 8.24621 8.24621 0 17.2047 16.4924 11.6619 6 14.4222 6.32456 2.82843 4.47214 17.088 4 14.1421 2 5.65685 
14.1421 17.088 17.8885 14.4222 10 12.1655 17.2047 0 14.1421 16.4924 14.5602 2.82843 16.4924 17.8885 21.2603 4.47214 15.2315 12 18.4391 11.6619 
12.6491 8.24621 10.198 15.2315 10 18.4391 16.4924 14.1421 0 6.32456 18.868 12.6491 20.5913 18.9737 18 10 17.8885 2.82843 16.1245 14.4222 
8.48528 2 4 11.3137 8.24621 16.1245 11.6619 16.4924 6.32456 0 15.6205 14.1421 16.9706 14.4222 12.1655 13.4164 14.1421 5.65685 10.7703 11.6619 
7.2111 14.4222 13.4164 4.47214 8.94427 2.82843 6 14.5602 18.868 15.6205 0 12.1655 2 4.47214 10.198 16 2 16.1245 8 4.47214 
11.3137 14.5602 15.2315 11.6619 7.2111 10 14.4222 2.82843 12.6491 14.1421 12.1655 0 14.1421 15.2315 18.4391 4.47214 12.6491 10.198 15.6205 8.94427 
8.48528 15.6205 14.4222 5.65685 10.7703 4.47214 6.32456 16.4924 20.5913 16.9706 2 14.1421 0 4 10 18 2.82843 17.8885 8.24621 6.32456 
6.32456 12.8062 11.3137 4 10 7.2111 2.82843 17.8885 18.9737 14.4222 4.47214 15.2315 4 0 6 18.4391 2.82843 16.4924 4.47214 6.32456 
7.2111 10.198 8.24621 7.2111 11.6619 12.6491 4.47214 21.2603 18 12.1655 10.198 18.4391 10 6 0 20.5913 8.24621 16.1245 2.82843 10 
13.4164 14.4222 15.6205 14.5602 8.94427 14.1421 17.088 4.47214 10 13.4164 16 4.47214 18 18.4391 20.5913 0 16.1245 8.24621 17.8885 12.1655 
5.65685 12.8062 11.6619 2.82843 8.24621 4.47214 4 15.2315 17.8885 14.1421 2 12.6491 2.82843 2.82843 8.24621 16.1245 0 15.2315 6 4 
10.198 7.2111 8.94427 12.6491 7.2111 15.6205 14.1421 12 2.82843 5.65685 16.1245 10.198 17.8885 16.4924 16.1245 8.24621 15.2315 0 14 11.6619 
4.47214 8.94427 7.2111 4.47214 8.94427 10.198 2 18.4391 16.1245 10.7703 8 15.6205 8.24621 4.47214 2.82843 17.8885 6 14 0 7.2111 
4 10.7703 10.198 2.82843 4.47214 4.47214 5.65685 11.6619 14.4222 11.6619 4.47214 8.94427 6.32456 6.32456 10 12.1655 4 11.6619 7.2111 0 
5
0 9.01388 7.90569 3.53553 5.59017 10.3078 5 17.6777 15.8114 10.6066 9.01388 14.1421 10.6066 7.90569 9.01388 16.7705 7.07107 12.7475 5.59017 5 
9.01388 0 2.5 12.5 10 19.0394 12.5 21.36 10.3078 2.5 18.0278 18.2003 19.5256 16.0078 12.7475 18.0278 16.0078 9.01388 11.1803 13.4629 
7.90569 2.5 0 11.1803 10.3078 18.2003 10.6066 22.3607 12.7475 5 16.7705 19.0394 18.0278 14.1421 10.3078 19.5256 14.5774 11.1803 9.01388 12.7475 
3.53553 12.5 11.1803 0 7.5 7.5 3.53553 18.0278 19.0394 14.1421 5.59017 14.5774 7.07107 5 9.01388 18.2003 3.53553 15.8114 5.59017 3.53553 
5.59017 10 10.3078 7.5 0 10.6066 10.3078 12.5 12.5 10.3078 11.1803 9.01388 13.4629 12.5 14.5774 11.1803 10.3078 9.01388 11.1803 5.59017 
10.3078 19.0394 18.2003 7.5 10.6066 0 10.3078 15.2069 23.0489 20.1556 3.53553 12.5 5.59017 9.01388 15.8114 17.6777 5.59017 19.5256 12.7475 5.59017 
5 12.5 10.6066 3.53553 10.3078 10.3078 0 21.5058 20.6155 14.5774 7.5 18.0278 7.90569 3.53553 5.59017 21.36 5 17.6777 2.5 7.07107 
17.6777 21.36 22.3607 18.0278 12.5 15.2069 21.5058 0 17.6777 20.6155 18.2003 3.53553 20.6155 22.3607 26.5754 5.59017 19.0394 15 23.0489 14.5774 
15.8114 10.3078 12.7475 19.0394 12.5 23.0489 20.6155 17.6777 0 7.90569 23.585 15.8114 25.7391 23.7171 22.5 12.5 22.3607 3.53553 20.1556 18.0278 
10.6066 2.5 5 14.1421 10.3078 20.1556 14.5774 20.6155 7.90569 0 19.5256 17.6777 21.2132 18.0278 15.2069 16.7705 17.6777 7.07107 13.4629 14.5774 
9.01388 18.0278 16.7705 5.59017 11.1803 3.53553 7.5 18.2003 23.585 19.5256 0 15.2069 2.5 5.59017 12.7475 20 2.5 20.1556 10 5.59017 
14.1421 18.2003 19.0394 14.5774 9.01388 12.5 18.0278 3.53553 15.8114 17.6777 15.2069 0 17.6777 19.0394 23.0489 5.59017 15.8114 12.7475 19.5256 11.1803 
10.6066 19.5256 18.0278 7.07107 13.4629 5.59017 7.90569 20.6155 25.7391 21.2132 2.5 17.6777 0 5 12.5 22.5 3.53553 22.3607 10.3078 7.90569 
7.90569 16.0078 14.1421 5 12.5 9.01388 3.53553 22.3607 23.7171 18.0278 5.59017 19.0394 5 0 7.5 23.0489 3.53553 20.6155 5.59017 7.90569 
9.01388 12.7475 10.3078 9.01388 14.5774 15.8114 5.59017 26.5754 22.5 15.2069 12.7475 23.0489 12.5 7.5 0 25.7391 10.3078 20.1556 3.53553 12.5 
16.7705 18.0278 19.5256 18.2003 11.1803 17.6777 21.36 5.59017 12.5 16.7705 20 5.59017 22.5 23.0489 25.7391 0 20.1556 10.3078 22.3607 15.2069 
7.07107 16.0078 14.5774 3.53553 10.3078 5.59017 5 19.0394 22.3607 17.6777 2.5 15.8114 3.53553 3.53553 10.3078 20.1556 0 19.0394 7.5 5 
12.7475 9.01388 11.1803 15.8114 9.01388 19.5256 17.6777 15 3.53553 7.07107 20.1556 12.7475 22.3607 20.6155 20.1556 10.3078 19.0394 0 17.5 14.5774 
5.59017 11.1803 9.01388 5.59017 11.1803 12.7475 2.5 23.0489 20.1556 13.4629 10 19.5256 10.3078 5.59017 3.53553 22.3607 7.5 17.5 0 9.01388 
5 13.4629 12.7475 3.53553 5.59017 5.59017 7.07107 14.5774 18.0278 14.5774 5.59017 11.1803 7.90569 7.90569 12.5 15.2069 5 14.5774 9.01388 0 

57.322
20 19 3
1 1 1 1 1 1 1 1 1 1 1 1 1 1 1 1 1 1 1 0 
1
0 7.07107 8.06226 1 5.83095 5 3.60555 8 3 5.09902 5.83095 7.28011 1.41421 8.94427 7.61577 4 4.47214 2 4.24264 3.16228 
7.07107 0 1 7 5.65685 5 5 1.41421 8.06226 2.82843 4.47214 1 6.32456 5.09902 4 8.60233 7.07107 7.61577 4.47214 4.47214 
8.06226 1 0 8 6.40312 5.65685 5.83095 1 8.94427 3.60555 5 1.41421 7.28011 5 4.12311 9.43398 7.81025 8.544 5.38516 5.38516 
1 7 8 0 5 5.65685 4.24264 8.06226 4 5.38516 6.40312 7.07107 2.23607 9.43398 8.06226 5 5.38516 3 3.60555 3.60555 
5.83095 5.65685 6.40312 5 0 8.06226 7 7.07107 8.544 6.32456 8.24621 5 6.32456 10.2956 8.94427 9.48683 9.05539 7.61577 2 6 
5 5 5.65685 5.65685 8.06226 0 1.41421 5 4 2.23607 1 5.83095 3.60555 4.12311 3 4.12311 2.23607 4.12311 6.08276 2.23607 
3.60555 5 5.83095 4.24264 7 1.41421 0 5.38516 3.16228 2.23607 2.23607 5.65685 2.23607 5.38516 4.12311 3.60555 2.23607 3 5 1 
8 1.41421 1 8.06226 7.07107 5 5.38516 0 8.544 3.16228 4.24264 2.23607 7.07107 4 3.16228 8.94427 7.2111 8.24621 5.83095 5.09902 
3 8.06226 8.94427 4 8.544 4 3.16228 8.544 0 5.38516 5 8.60233 2.23607 8.06226 7 1 2.23607 1 6.7082 3.60555 
5.09902 2.82843 3.60555 5.38516 6.32456 2.23607 2.23607 3.16228 5.38516 0 2 3.60555 4 4.24264 2.82843 5.83095 4.24264 5.09902 4.47214 2 
5.83095 4.47214 5 6.40312 8.24621 1 2.23607 4.24264 5 2 0 5.38516 4.47214 3.16228 2 5.09902 3.16228 5.09902 6.32456 2.82843 
7.28011 1 1.41421 7.07107 5 5.83095 5.65685 2.23607 8.60233 3.60555 5.38516 0 6.7082 6.08276 5 9.21954 7.81025 8.06226 4.12311 5 
1.41421 6.32456 7.28011 2.23607 6.32456 3.60555 2.23607 7.07107 2.23607 4 4.47214 6.7082 0 7.61577 6.32456 3.16228 3.16228 1.41421 4.47214 2 
8.94427 5.09902 5 9.43398 10.2956 4.12311 5.38516 4 8.06226 4.24264 3.16228 6.08276 7.61577 0 1.41421 8 6 8.24621 8.60233 5.83095 
7.61577 4 4.12311 8.06226 8.94427 3 4.12311 3.16228 7 2.82843 2 5 6.32456 1.41421 0 7.07107 5.09902 7.07107 7.2111 4.47214 
4 8.60233 9.43398 5 9.48683 4.12311 3.60555 8.94427 1 5.83095 5.09902 9.21954 3.16228 8 7.07107 0 2 2 7.61577 4.24264 
4.47214 7.07107 7.81025 5.38516 9.05539 2.23607 2.23607 7.2111 2.23607 4.24264 3.16228 7.81025 3.16228 6 5.09902 2 0 2.82843 7.07107 3.16228 
2 7.61577 8.544 3 7.61577 4.12311 3 8.24621 1 5.09902 5.09902 8.06226 1.41421 8.24621 7.07107 2 2.82843 0 5.83095 3.16228 
4.24264 4.47214 5.38516 3.60555 2 6.08276 5 5.83095 6.7082 4.47214 6.32456 4.12311 4.47214 8.60233 7.2111 7.61577 7.07107 5.83095 0 4 
3.16228 4.47214 5.38516 3.60555 6 2.23607 1 5.09902 3.60555 2 2.82843 5 2 5.83095 4.47214 4.24264 3.16228 3.16228 4 0 
3
0 14.1421 16.1245 2 11.6619 10 7.2111 16 6 10.198 11.6619 14.5602 2.82843 17.8885 15.2315 8 8.94427 4 8.48528 6.32456 
14.1421 0 2 14 11.3137 10 10 2.82843 16.1245 5.65685 8.94427 2 12.6491 10.198 8 17.2047 14.1421 15.2315 8.94427 8.94427 
16.1245 2 0 16 12.8062 11.3137 11.6619 2 17.8885 7.2111 10 2.82843 14.5602 10 8.24621 18.868 15.6205 17.088 10.7703 10.7703 
2 14 16 0 10 11.3137 8.48528 16.1245 8 10.7703 12.8062 14.1421 4.47214 18.868 16.1245 10 10.7703 6 7.2111 7.2111 
11.6619 11.3137 12.8062 10 0 16.1245 14 14.1421 17.088 12.6491 16.4924 10 12.6491 20.5913 17.8885 18.9737 18.1108 15.2315 4 12 
10 10 11.3137 11.3137 16.1245 0 2.82843 10 8 4.47214 2 11.6619 7.2111 8.24621 6 8.24621 4.47214 8.24621 12.1655 4.47214 
7.2111 10 11.6619 8.48528 14 2.82843 0 10.7703 6.32456 4.47214 4.47214 11.3137 4.47214 10.7703 8.24621 7.2111 4.47214 6 10 2 
16 2.82843 2 16.1245 14.1421 10 10.7703 0 17.088 6.32456 8.48528 4.47214 14.1421 8 6.32456 17.8885 14.4222 16.4924 11.6619 10.198 
6 16.1245 17.8885 8 17.088 8 6.32456 17.088 0 10.7703 10 17.2047 4.47214 16.1245 14 2 4.47214 2 13.4164 7.2111 
10.198 5.65685 7.2111 10.7703 12.6491 4.47214 4.47214 6.32456 10.7703 0 4 7.2111 8 8.48528 5.65685 11.6619 8.48528 10.198 8.94427 4 
11.6619 8.94427 10 12.8062 16.4924 2 4.47214 8.48528 10 4 0 10.7703 8.94427 6.32456 4 10.198 6.32456 10.198 12.6491 5.65685 
14.5602 2 2.82843 14.1421 10 11.6619 11.3137 4.47214 17.2047 7.2111 10.7703 0 13.4164 12.1655 10 18.4391 15.6205 16.1245 8.24621 10 
2.82843 12.6491 14.5602 4.47214 12.6491 7.2111 4.47214 14.1421 4.47214 8 8.94427 13.4164 0 15.2315 12.6491 6.32456 6.32456 2.82843 8.94427 4 
17.8885 10.198 10 18.868 20.5913 8.24621 10.7703 8 16.1245 8.48528 6.32456 12.1655 15.2315 0 2.82843 16 12 16.4924 17.2047 11.6619 
15.2315 8 8.24621 16.1245 17.8885 6 8.24621 6.32456 14 5.65685 4 10 12.6491 2.82843 0 14.1421 10.198 14.1421 14.4222 8.94427 
8 17.2047 18.868 10 18.9737 8.24621 7.2111 17.8885 2 11.6619 10.198 18.4391 6.32456 16 14.1421 0 4 4 15.2315 8.48528 
8.94427 14.1421 15.6205 10.7703 18.1108 4.47214 4.47214 14.4222 4.47214 8.48528 6.32456 15.6205 6.32456 12 10.198 4 0 5.65685 14.1421 6.32456 
4 15.2315 17.088 6 15.2315 8.24621 6 16.4924 2 10.198 10.198 16.1245 2.82843 16.4924 14.1421 4 5.65685 0 11.6619 6.32456 
8.48528 8.94427 10.7703 7.2111 4 12.1655 10 11.6619 13.4164 8.94427 12.6491 8.24621 8.94427 17.2047 14.4222 15.2315 14.1421 11.6619 0 8 
6.32456 8.94427 10.7703 7.2111 12 4.47214 2 10.198 7.2111 4 5.65685 10 4 11.6619 8.94427 8.48528 6.32456 6.32456 8 0 
5
0 17.6777 20.1556 2.5 14.5774 12.5 9.01388 20 7.5 12.7475 14.5774 18.2003 3.53553 22.3607 19.0394 10 11.1803 5 10.6066 7.90569 
17.6777 0 2.5 17.5 14.1421 12.5 12.5 3.53553 20.1556 7.07107 11.1803 2.5 15.8114 12.7475 10 21.5058 17.6777 19.0394 11.1803 11.1803 
20.1556 2.5 0 20 16.0078 14.1421 14.5774 2.5 22.3607 9.01388 12.5 3.53553 18.2003 12.5 10.3078 23.585 19.5256 21.36 13.4629 13.4629 
2.5 17.5 20 0 12.5 14.1421 10.6066 20.1556 10 13.4629 16.0078 17.6777 5.59017 23.585 20.1556 12.5 13.4629 7.5 9.01388 9.01388 
14.5774 14.1421 16.0078 12.5 0 20.1556 17.5 17.6777 21.36 15.8114 20.6155 12.5 15.8114 25.7391 22.3607 23.7171 22.6385 19.0394 5 15 
12.5 12.5 14.1421 14.1421 20.1556 0 3.53553 12.5 10 5.59017 2.5 14.5774 9.01388 10.3078 7.5 10.3078 5.59017 10.3078 15.2069 5.59017 
9.01388 12.5 14.5774 10.6066 17.5 3.53553 0 13.4629 7.90569 5.59017 5.59017 14.1421 5.59017 13.4629 10.3078 9.01388 5.59017 7.5 12.5 2.5 
20 3.53553 2.5 20.1556 17.6777 12.5 13.4629 0 21.36 7.90569 10.6066 5.59017 17.6777 10 7.90569 22.3607 18.0278 20.6155 14.5774 12.7475 
7.5 20.1556 22.3607 10 21.36 10 7.90569 21.36 0 13.4629 12.5 21.5058 5.59017 20.1556 17.5 2.5 5.59017 2.5 16.7705 9.01388 
12.7475 7.07107 9.01388 13.4629 15.8114 5.59017 5.59017 7.90569 13.4629 0 5 9.01388 10 10.6066 7.07107 14.5774 10.6066 12.7475 11.1803 5 
14.5774 11.1803 12.5 16.0078 20.6155 2.5 5.59017 10.6066 12.5 5 0 13.4629 11.1803 7.90569 5 12.7475 7.90569 12.7475 15.8114 7.07107 
18.2003 2.5 3.53553 17.6777 12.5 14.5774 14.1421 5.59017 21.5058 9.01388 13.4629 0 16.7705 15.2069 12.5 23.0489 19.5256 20.1556 10.3078 12.5 
3.53553 15.8114 18.2003 5.59017 15.8114 9.01388 5.59017 17.6777 5.59017 10 11.1803 16.7705 0 19.0394 15.8114 7.90569 7.90569 3.53553 11.1803 5 
22.3607 12.7475 12.5 23.585 25.7391 10.3078 13.4629 10 20.1556 10.6066 7.90569 15.2069 19.0394 0 3.53553 20 15 20.6155 21.5058 14.5774 
19.0394 10 10.3078 20.1556 22.3607 7.5 10.3078 7.90569 17.5 7.07107 5 12.5 15.8114 3.53553 0 17.6777 12.7475 17.6777 18.0278 11.1803 
10 21.5058 23.585 12.5 23.7171 10.3078 9.01388 22.3607 2.5 14.5774 12.7475 23.0489 7.90569 20 17.6777 0 5 5 19.0394 10.6066 
11.1803 17.6777 19.5256 13.4629 22.6385 5.59017 5.59017 18.0278 5.59017 10.6066 7.90569 19.5256 7.90569 15 12.7475 5 0 7.07107 17.6777 7.90569 
5 19.0394 21.36 7.5 19.0394 10.3078 7.5 20.6155 2.5 12.7475 12.7475 20.1556 3.53553 20.6155 17.6777 5 7.07107 0 14.5774 7.90569 
10.6066 11.1803 13.4629 9.01388 5 15.2069 12.5 14.5774 16.7705 11.1803 15.8114 10.3078 11.1803 21.5058 18.0278 19.0394 17.6777 14.5774 0 10 
7.90569 11.1803 13.4629 9.01388 15 5.59017 2.5 12.7475 9.01388 5 7.07107 12.5 5 14.5774 11.1803 10.6066 7.90569 7.90569 10 0 

55.2533
20 12 3
1 1 1 1 1 1 1 1 1 1 1 1 0 1 1 1 1 1 1 1 
1
0 7.28011 2 6.08276 5.65685 2.23607 5.09902 3.16228 4.12311 2.82843 1 7 5 8.60233 3.16228 4.47214 2 9.05539 4 9.84886 
7.28011 0 7 7.2111 3.60555 6 2.23607 5 6.32456 5 7.61577 2 3.16228 5.38516 6.08276 5.38516 5.38516 2.23607 3.60555 2.82843 
2 7 0 4.12311 4.47214 1 5.09902 4.24264 2.23607 2 3 7.28011 4.12311 7.07107 1.41421 2.82843 2.82843 9.05539 4.47214 9.21954 
6.08276 7.2111 4.12311 0 3.60555 4 6.40312 7.28011 2 4.12311 7.07107 8.48528 4.24264 4.12311 3 2.23607 6.08276 9.43398 6.7082 8.24621 
5.65685 3.60555 4.47214 3.60555 0 3.60555 3.16228 5.09902 3 2.82843 6.40312 5 1 3.16228 3.16228 2 4.47214 5.83095 4 5 
2.23607 6 1 4 3.60555 0 4.12311 3.60555 2 1 3.16228 6.32456 3.16228 6.40312 1 2.23607 2.23607 8.06226 3.60555 8.24621 
5.09902 2.23607 5.09902 6.40312 3.16228 4.12311 0 2.82843 5 3.16228 5.38516 2.23607 2.23607 6 4.47214 4.24264 3.16228 4 1.41421 5 
3.16228 5 4.24264 7.28011 5.09902 3.60555 2.82843 0 5.38516 3.16228 3 4.12311 4.12311 8.24621 4.47214 5.09902 1.41421 6.32456 1.41421 7.81025 
4.12311 6.32456 2.23607 2 3 2 5 5.38516 0 2.23607 5.09902 7.2111 3.16228 5 1 1 4.12311 8.544 5 8 
2.82843 5 2 4.12311 2.82843 1 3.16228 3.16228 2.23607 0 3.60555 5.38516 2.23607 5.83095 1.41421 2 2 7.07107 2.82843 7.28011 
1 7.61577 3 7.07107 6.40312 3.16228 5.38516 3 5.09902 3.60555 0 7.07107 5.65685 9.43398 4.12311 5.38516 2.23607 9.21954 4.12311 10.2956 
7 2 7.28011 8.48528 5 6.32456 2.23607 4.12311 7.2111 5.38516 7.07107 0 4.24264 7.28011 6.7082 6.40312 5 2.23607 3 4.47214 
5 3.16228 4.12311 4.24264 1 3.16228 2.23607 4.12311 3.16228 2.23607 5.65685 4.24264 0 4.12311 3 2.23607 3.60555 5.38516 3 5.09902 
8.60233 5.38516 7.07107 4.12311 3.16228 6.40312 6 8.24621 5 5.83095 9.43398 7.28011 4.12311 0 5.65685 4.24264 7.61577 7.2111 7.07107 5 
3.16228 6.08276 1.41421 3 3.16228 1 4.47214 4.47214 1 1.41421 4.12311 6.7082 3 5.65685 0 1.41421 3.16228 8.24621 4.24264 8.06226 
4.47214 5.38516 2.82843 2.23607 2 2.23607 4.24264 5.09902 1 2 5.38516 6.40312 2.23607 4.24264 1.41421 0 4 7.61577 4.47214 7 
2 5.38516 2.82843 6.08276 4.47214 2.23607 3.16228 1.41421 4.12311 2 2.23607 5 3.60555 7.61577 3.16228 4 0 7.07107 2 8.06226 
9.05539 2.23607 9.05539 9.43398 5.83095 8.06226 4 6.32456 8.544 7.07107 9.21954 2.23607 5.38516 7.2111 8.24621 7.61577 7.07107 0 5.09902 3 
4 3.60555 4.47214 6.7082 4 3.60555 1.41421 1.41421 5 2.82843 4.12311 3 3 7.07107 4.24264 4.47214 2 5.09902 0 6.40312 
9.84886 2.82843 9.21954 8.24621 5 8.24621 5 7.81025 8 7.28011 10.2956 4.47214 5.09902 5 8.06226 7 8.06226 3 6.40312 0 
3
0 14.5602 4 12.1655 11.3137 4.47214 10.198 6.32456 8.24621 5.65685 2 14 10 17.2047 6.32456 8.94427 4 18.1108 8 19.6977 
14.5602 0 14 14.4222 7.2111 12 4.47214 10 12.6491 10 15.2315 4 6.32456 10.7703 12.1655 10.7703 10.7703 4.47214 7.2111 5.65685 
4 14 0 8.24621 8.94427 2 10.198 8.48528 4.47214 4 6 14.5602 8.24621 14.1421 2.82843 5.65685 5.65685 18.1108 8.94427 18.4391 
12.1655 14.4222 8.24621 0 7.2111 8 12.8062 14.5602 4 8.24621 14.1421 16.9706 8.48528 8.24621 6 4.47214 12.1655 18.868 13.4164 16.4924 
11.3137 7.2111 8.94427 7.2111 0 7.2111 6.32456 10.198 6 5.65685 12.8062 10 2 6.32456 6.32456 4 8.94427 11.6619 8 10 
4.47214 12 2 8 7.2111 0 8.24621 7.2111 4 2 6.32456 12.6491 6.32456 12.8062 2 4.47214 4.47214 16.1245 7.2111 16.4924 
10.198 4.47214 10.198 12.8062 6.32456 8.24621 0 5.65685 10 6.32456 10.7703 4.47214 4.47214 12 8.94427 8.48528 6.32456 8 2.82843 10 
6.32456 10 8.48528 14.5602 10.198 7.2111 5.65685 0 10.7703 6.32456 6 8.24621 8.24621 16.4924 8.94427 10.198 2.82843 12.6491 2.82843 15.6205 
8.24621 12.6491 4.47214 4 6 4 10 10.7703 0 4.47214 10.198 14.4222 6.32456 10 2 2 8.24621 17.088 10 16 
5.65685 10 4 8.24621 5.65685 2 6.32456 6.32456 4.47214 0 7.2111 10.7703 4.47214 11.6619 2.82843 4 4 14.1421 5.65685 14.5602 
2 15.2315 6 14.1421 12.8062 6.32456 10.7703 6 10.198 7.2111 0 14.1421 11.3137 18.868 8.24621 10.7703 4.47214 18.4391 8.24621 20.5913 
14 4 14.5602 16.9706 10 12.6491 4.47214 8.24621 14.4222 10.7703 14.1421 0 8.48528 14.5602 13.4164 12.8062 10 4.47214 6 8.94427 
10 6.32456 8.24621 8.48528 2 6.32456 4.47214 8.24621 6.32456 4.47214 11.3137 8.48528 0 8.24621 6 4.47214 7.2111 10.7703 6 10.198 
17.2047 10.7703 14.1421 8.24621 6.32456 12.8062 12 16.4924 10 11.6619 18.868 14.5602 8.24621 0 11.3137 8.48528 15.2315 14.4222 14.1421 10 
6.32456 12.1655 2.82843 6 6.32456 2 8.94427 8.94427 2 2.82843 8.24621 13.4164 6 11.3137 0 2.82843 6.32456 16.4924 8.48528 16.1245 
8.94427 10.7703 5.65685 4.47214 4 4.47214 8.48528 10.198 2 4 10.7703 12.8062 4.47214 8.48528 2.82843 0 8 15.2315 8.94427 14 
4 10.7703 5.65685 12.1655 8.94427 4.47214 6.32456 2.82843 8.24621 4 4.47214 10 7.2111 15.2315 6.32456 8 0 14.1421 4 16.1245 
18.1108 4.47214 18.1108 18.868 11.6619 16.1245 8 12.6491 17.088 14.1421 18.4391 4.47214 10.7703 14.4222 16.4924 15.2315 14.1421 0 10.198 6 
8 7.2111 8.94427 13.4164 8 7.2111 2.82843 2.82843 10 5.65685 8.24621 6 6 14.1421 8.48528 8.94427 4 10.198 0 12.8062 
19.6977 5.65685 18.4391 16.4924 10 16.4924 10 15.6205 16 14.5602 20.5913 8.94427 10.198 10 16.1245 14 16.1245 6 12.8062 0 
5
0 18.2003 5 15.2069 14.1421 5.59017 12.7475 7.90569 10.3078 7.07107 2.5 17.5 12.5 21.5058 7.90569 11.1803 5 22.6385 10 24.6221 
18.2003 0 17.5 18.0278 9.01388 15 5.59017 12.5 15.8114 12.5 19.0394 5 7.90569 13.4629 15.2069 13.4629 13.4629 5.59017 9.01388 7.07107 
5 17.5 0 10.3078 11.1803 2.5 12.7475 10.6066 5.59017 5 7.5 18.2003 10.3078 17.6777 3.53553 7.07107 7.07107 22.6385 11.1803 23.0489 
15.2069 18.0278 10.3078 0 9.01388 10 16.0078 18.2003 5 10.3078 17.6777 21.2132 10.6066 10.3078 7.5 5.59017 15.2069 23.585 16.7705 20.6155 
14.1421 9.01388 11.1803 9.01388 0 9.01388 7.90569 12.7475 7.5 7.07107 16.0078 12.5 2.5 7.90569 7.90569 5 11.1803 14.5774 10 12.5 
5.59017 15 2.5 10 9.01388 0 10.3078 9.01388 5 2.5 7.90569 15.8114 7.90569 16.0078 2.5 5.59017 5.59017 20.1556 9.01388 20.6155 
12.7475 5.59017 12.7475 16.0078 7.90569 10.3078 0 7.07107 12.5 7.90569 13.4629 5.59017 5.59017 15 11.1803 10.6066 7.90569 10 3.53553 12.5 
7.90569 12.5 10.6066 18.2003 12.7475 9.01388 7.07107 0 13.4629 7.90569 7.5 10.3078 10.3078 20.6155 11.1803 12.7475 3.53553 15.8114 3.53553 19.5256 
10.3078 15.8114 5.59017 5 7.5 5 12.5 13.4629 0 5.59017 12.7475 18.0278 7.90569 12.5 2.5 2.5 10.3078 21.36 12.5 20 
7.07107 12.5 5 10.3078 7.07107 2.5 7.90569 7.90569 5.59017 0 9.01388 13.4629 5.59017 14.5774 3.53553 5 5 17.6777 7.07107 18.2003 
2.5 19.0394 7.5 17.6777 16.0078 7.90569 13.4629 7.5 12.7475 9.01388 0 17.6777 14.1421 23.585 10.3078 13.4629 5.59017 23.0489 10.3078 25.7391 
17.5 5 18.2003 21.2132 12.5 15.8114 5.59017 10.3078 18.0278 13.4629 17.6777 0 10.6066 18.2003 16.7705 16.0078 12.5 5.59017 7.5 11.1803 
12.5 7.90569 10.3078 10.6066 2.5 7.90569 5.59017 10.3078 7.90569 5.59017 14.1421 10.6066 0 10.3078 7.5 5.59017 9.01388 13.4629 7.5 12.7475 
21.5058 13.4629 17.6777 10.3078 7.90569 16.0078 15 20.6155 12.5 14.5774 23.585 18.2003 10.3078 0 14.1421 10.6066 19.0394 18.0278 17.6777 12.5 
7.90569 15.2069 3.53553 7.5 7.90569 2.5 11.1803 11.1803 2.5 3.53553 10.3078 16.7705 7.5 14.1421 0 3.53553 7.90569 20.6155 10.6066 20.1556 
11.1803 13.4629 7.07107 5.59017 5 5.59017 10.6066 12.7475 2.5 5 13.4629 16.0078 5.59017 10.6066 3.53553 0 10 19.0394 11.1803 17.5 
5 13.4629 7.07107 15.2069 11.1803 5.59017 7.90569 3.53553 10.3078 5 5.59017 12.5 9.01388 19.0394 7.90569 10 0 17.6777 5 20.1556 
22.6385 5.59017 22.6385 23.585 14.5774 20.1556 10 15.8114 21.36 17.6777 23.0489 5.59017 13.4629 18.0278 20.6155 19.0394 17.6777 0 12.7475 7.5 
10 9.01388 11.1803 16.7705 10 9.01388 3.53553 3.53553 12.5 7.07107 10.3078 7.5 7.5 17.6777 10.6066 11.1803 5 12.7475 0 16.0078 
24.6221 7.07107 23.0489 20.6155 12.5 20.6155 12.5 19.5256 20 18.2003 25.7391 11.1803 12.7475 12.5 20.1556 17.5 20.1556 7.5 16.0078 0 

58.7998
20 14 3
1 1 1 1 1 1 1 1 1 1 1 1 1 1 0 1 1 1 1 1 
1
